7 2.777228854763225 0.25932632267589023 -2.457496381156443 0.21639392475826297 2.923876493556091 -0.5027277180802109 -2.7005035912360214 -0.4707856914030239 0.496564
7 2.0975273365507894 0.12457474356192931 2.701176328915839 0.22140602661266398 2.2475452706841166 -0.18401399860394893 2.812562356721414 -0.2739738182367768 0.645371
0 3.0612372793237035 0.13720143405144464 -3.042793570156819 0.1369572841032313 3.076359150782526 -0.21383648645368808 -3.061699744625281 -0.21359096576025902 0.908485
0 -2.1808235771737783 0.0938949491141325 -2.1669266773839735 0.0920265401116548 -2.1808692992513152 0.026017047690137116 -2.16697191461761 0.025496632016761552 0.553152
2 2.0932727626285406 -0.04756354516977622 2.153678687240367 -0.05244510937242774 2.0933273854844003 -0.12403911682384111 2.1537367176277806 -0.13664001862125932 0.64103
7 2.905650309134667 0.21962913294311306 -2.636847571317035 0.19819363957295696 2.9058332931592834 -0.6351402972076351 -2.637189849272188 -0.5855697564234545 0.661369
13 2.67121072590941 -0.020987154251696553 2.8313791288411134 -0.02241645322983895 2.6418384985463574 -0.13401428299001386 2.8100917221636266 -0.1442133085319922 0.525555
0 3.1400431538249407 0.1341205628925137 -3.117759090332213 0.13990863082569752 -3.069664706631105 -0.017624779715421115 -3.042508217486915 -0.01832316528539442 0.506702
4 -0.5636405312002375 1.0729939088186966 -0.5482049020612758 0.8402265065904639 -0.8976766551247566 0.853962713035719 -0.7575285929502236 0.6285650026482836 0.738293
0 -2.46586341548059 0.09634190969764193 -2.4375165530457386 0.09735794157567833 -2.452488361998024 0.029464353726411496 -2.4249999363800683 0.02975535594790491 0.756157
7 -3.1394872817518076 0.19188374986699347 -2.6313770479942145 0.3208593362370702 -3.1389562771914514 -0.5078329314549246 -2.6308406293031874 -0.7605321377740181 0.449929
7 -2.6645995515852174 0.09048384028649405 -2.5605140084184543 0.09597887065103486 -2.6645683848502664 0.020061671320893707 -2.560486484611573 0.021286813607908423 0.54095
7 -3.0027076751693977 0.15255839661550805 -2.477864744015941 0.22763697088121004 2.9219915893195507 -0.5304771659434766 -2.8804349304270747 -0.9444938215802242 0.316261
2 -1.2464991642702072 0.04828624468018393 -1.2244989221756377 0.047070348445652874 -1.239221953828707 0.03179356322841073 -1.2172718128625424 0.030982418007746385 0.377654
3 -2.9584725479539298 0.24220833030613564 -2.4631351603418143 0.34083167858439023 2.974681784954388 -0.4463105514910338 -2.818296056908064 -0.7978640519714231 0.539792
0 -0.14649373295706303 0.3161335634491969 0.049334753684240784 0.2359180403944954 -0.3225655744831928 -0.10896162156091123 -0.10800236986959344 -0.08601890326802904 0.383664
0 -1.1140674521522727 0.04616584499711395 -1.0948862694490884 0.04621585289076759 -1.1127459317615804 0.010661756709732025 -1.0939471976845156 0.010672863141066781 0.42781
28 -0.2500628568251577 0.12815241940359462 -0.020618314333695098 0.09514103641425142 -0.4275347839670691 -0.31120182715074723 -0.19136596102550207 -0.2533757944024277 0.522869
7 -0.9627290363397125 0.048226622163898364 -0.7992065364071268 0.04691401511661123 -0.9654058178398546 -0.007571953240275316 -0.806746286640281 -0.007377802359051862 0.795059
7 -1.838568440899179 0.18599581177790567 -1.2572594600215892 0.2559236461956193 -1.7114803358304178 -0.1442364523673643 -1.210848151083087 -0.1799467868244224 0.877845
0 -0.48629688545729977 0.20289990349976061 -0.0017487263915747508 0.12114115210773535 -0.48681159266102436 -0.7730434576022841 -0.002243922242098906 -0.5237814741081982 0.36365
0 -0.5078353428900081 0.26400111740760335 -0.16327163692051538 0.1970761012000055 -0.17678315105210718 -0.6070938674352827 0.1309733306989147 -0.39075516350579065 0.275544
28 -1.8891664214960506 -1.0935237063626235 -0.29537168672547254 -1.1295418053258965 -2.6112293077727684 -1.3333871431000235 0.513727142711162 -1.370841609916233 0.429596
14 0.051126160755164074 -0.6458360708958989 0.1937006918054145 -0.49207069894818967 0.23900596257638296 -0.8661186540507767 0.32993939540627903 -0.6777815790253089 0.581178
4 -0.8975009865734581 0.8629921913353922 -0.4368966613297412 1.0382874716815769 -0.7414766892304591 0.5871762803920089 -0.32892509104581336 0.7065770940551559 0.321372
26 -0.4097045116332129 0.09484935473442044 0.07230389330734863 0.10303865464914519 -0.3360707306341276 -0.2366402517295855 0.05801321306882348 -0.24961733354068413 0.612308
0 -0.44631287081739024 0.2860609336224561 0.08942643244617472 0.3138829178020583 -0.2675956858629924 -0.4898961966693045 0.05092566810041022 -0.5044313515919643 0.614133
31 0.9828347484856372 -0.2511558618099697 1.0451983123482407 -0.22800913350131483 0.9828010636111337 -0.2969738811736298 1.04516664353238 -0.2700091834850056 0.65898
14 0.5166952437091136 -0.6614221315824526 0.665088071046356 -0.6136185614760625 0.5166039400553475 -0.7873174101923645 0.6649849035076556 -0.7374099081776649 0.796764
0 0.7859087533701316 -0.029035461315767185 0.8134587207516065 -0.028222927763806294 0.7858534057444485 -0.12395072994851007 0.8134034650541695 -0.12051454579172743 0.857154
0 0.8819398875139816 -0.008932324544750396 0.9499005924152369 -0.008173847461007374 0.8818117387259569 -0.20862021442762205 0.9497770480580996 -0.1913562387633993 0.909755
0 0.35550702710316506 0.27872583216847796 0.6853228081799849 0.2319991639464248 0.35522848837544413 -0.6040092681352149 0.6849050715567252 -0.5179175151471939 0.929582
46 -1.014011453145635 -0.5380051262592499 0.7076706942514451 -0.7081439843894933 -1.2401546384181934 -0.8435008048755469 0.9978102074212403 -1.0795892811598646 0.275611
74 -0.014471345669359866 -1.1616801285817955 0.8769940385022997 -0.974549307087696 -0.9338135740255671 -1.5665732656578635 1.5615755533323517 -1.2800180166441237 0.368496
8 0.11451659742120579 -0.10566536324196489 0.28060695922266443 -0.1275087764021818 0.1809764036829523 -0.23896285339615095 0.3484198126288722 -0.2803103921386305 0.505043
8 0.11425604530459599 -0.10369991782110896 0.17577872898171198 -0.11202351878913887 0.1477119014088334 -0.17174540912305689 0.21007825901059618 -0.18457785857028922 0.592707
0 0.15933607275180472 0.18418299914433747 0.6456274926964506 0.2651469386123162 0.43400475726707854 -0.4366766325212472 0.8084482497455566 -0.5061409555826403 0.733963
0 0.9651418608490824 0.012697236355078436 1.0970739312434372 0.012722881084484052 0.9788177826378514 -0.2737309399789485 1.0885222745960685 -0.27409441654595024 0.91083
24 0.3684670627826313 0.09625871413796941 0.5223986395221383 0.10692688604604846 0.36859684379604596 -0.15513638565889393 0.5225137274926944 -0.1721251343442483 0.426982
43 0.8632117769675027 -0.7353526454586086 1.1927098537969574 -0.73840079133519 0.8633289911171561 -1.0366490906189216 1.192615447101285 -1.0393256839264857 0.610625
36 -0.16930476778620696 -0.44750413061777644 -0.08743721983707697 -0.5287345222156187 -0.32241791648713725 -0.6647773405113907 -0.2719668493734393 -0.7731493396381159 0.289697
36 -0.1597449538225273 -0.43160409909026287 -0.0754431550853476 -0.5108804583962571 -0.22165260825582656 -0.529672851179672 -0.14889495088380578 -0.624141369374777 0.351208
0 0.04473438176265643 -0.03807552146063482 0.13787194105921308 -0.04343915868367581 -0.20119035637561633 -0.498545151158043 -0.1367933765343563 -0.5748799421738385 0.436338
24 0.04418105376111603 -0.039227179690514535 0.12726411500197132 -0.044180310672699175 -0.02267504143192034 -0.17655515255964788 0.05539903586599637 -0.2005051083203614 0.477571
24 1.4332783921750976 0.015961997218353063 1.54491829503466 0.015138219500040129 1.4660916397236672 -0.13285716723351246 1.5840305081238375 -0.1250431200984725 0.711722
0 0.5238457916191218 0.23243092545106836 0.8126527450196608 0.25973050324301483 0.26259165843019916 -0.5129709192182591 0.6555286388873538 -0.6340402031601411 0.911015
7 2.413304915893377 0.09597147960066761 2.8867062401859283 0.07102896266036382 2.352089562301618 -0.25267398454732665 2.7750588216845316 -0.2045146456580657 0.288964
7 1.9012902151586453 0.012504483077621462 2.1607331554696674 0.012710532511621717 1.9160390026509335 -0.12126263957826627 2.1554816933510867 -0.12294619258365048 0.549924
0 2.1589224884366867 0.027199958676639036 2.2713395167917088 0.026828774891426817 2.1505303916161562 -0.1959147375969877 2.2488492705738303 -0.19392320600730817 0.896773
7 2.22144455783854 0.1722455680251524 2.605315752077649 0.151755706700684 2.22141291691081 -0.1286461728542332 2.6052089337134965 -0.1132370156901724 0.712785
0 3.079161504628677 0.14667199183379073 3.1398525668544295 0.13314601719449784 3.078901518971051 -0.22940174152269274 3.139607810041627 -0.20863402733873515 0.770096
4 2.207591843083997 0.2041525931685195 3.0020495274436416 0.12745491919281365 2.2334155541012892 -0.1392909608864942 3.099024389308209 -0.07570142479233691 0.348406
76 1.0438233776587609 -0.5136077099409287 2.647302390431151 -0.7670149817113708 0.6154976684300897 -0.9761640844707998 -2.8750943565056915 -1.3286346006751433 0.354582
0 3.0301599601607943 -0.03154345141685893 3.0893831043108344 -0.02895154350193554 3.1228105702469615 -0.22879518545671054 -3.1061341136462284 -0.20846972715648618 0.578013
0 1.36278487921971 0.0944481758565266 1.682696843956552 0.11610220871682814 1.1876837195153744 -0.32884064280719855 1.5385941858193806 -0.4394042763247105 0.93227
