1 1.8395 0.0264 2.1266 0.0266 1.8146 -0.5731 2.1434 -0.5781
6 2.0300 -0.1416 2.0826 -0.1413 2.0306 -0.3021 2.0850 -0.3014
10 1.9037 -0.0153 1.9901 -0.0154 1.9019 -0.0932 1.9897 -0.0938
1 2.3619 -0.0301 2.4806 -0.0302 2.3594 -0.3143 2.4820 -0.3149
10 2.4058 -0.0275 2.4445 -0.0275 2.4057 -0.0635 2.4446 -0.0635
10 2.3782 0.0174 2.4113 0.0174 2.3779 -0.0169 2.4112 -0.0169
1 2.3426 0.0239 2.4365 0.0240 2.3394 -0.2608 2.4365 -0.2620
1 2.1554 -0.0010 2.2601 -0.0010 2.1479 -0.2326 2.2552 -0.2384
10 2.1763 -0.0035 2.2153 -0.0036 2.1753 -0.0382 2.2144 -0.0385
6 2.2308 -0.0439 2.2488 -0.0441 2.2288 -0.1303 2.2470 -0.1308
9 0.4867 0.0648 1.1485 0.0672 0.4862 -0.1302 1.1489 -0.1349
1 0.3842 0.0210 0.4260 0.0215 0.3837 -0.1312 0.4255 -0.1339
6 0.4080 -0.0057 0.4259 -0.0057 0.4079 -0.0560 0.4257 -0.0565
20 -0.7843 0.1790 -0.6602 0.1801 -0.7831 0.0409 -0.6603 0.0412
1 1.7194 0.0273 1.7940 0.0274 1.7187 -0.1547 1.7938 -0.1554
10 1.7473 0.0260 1.7739 0.0261 1.7472 -0.0046 1.7739 -0.0046
3 1.8998 0.3411 1.9874 0.3419 1.9026 0.0689 1.9869 0.0691
4 0.1901 0.0391 0.2785 0.0391 0.1901 -0.0532 0.2784 -0.0531
1 -0.1382 0.0278 -0.0991 0.0282 -0.1379 -0.0746 -0.0988 -0.0756
1 -0.0907 0.0219 -0.0614 0.0221 -0.0904 -0.0834 -0.0611 -0.0842
1 -0.0565 0.0196 -0.0279 0.0197 -0.0563 -0.0715 -0.0277 -0.0721
2 0.6667 -0.2109 0.9893 -0.2055 0.6291 -0.8875 1.0959 -0.8603
3 1.4810 0.2085 1.5445 0.2086 1.4817 -0.1074 1.5442 -0.1075
9 2.0455 0.0774 2.5107 0.0734 2.0450 -0.1450 2.5121 -0.1375