1 1.8593 -0.0040 2.0691 -0.0039 1.8503 -0.5689 2.0923 -0.5629
10 1.8963 -0.0154 1.9746 -0.0154 1.8960 -0.0812 1.9755 -0.0811
6 2.0127 -0.1459 2.0506 -0.1452 2.0168 -0.3194 2.0563 -0.3180
1 1.7185 0.0220 1.8076 0.0223 1.7102 -0.1493 1.8029 -0.1515
10 1.7502 0.0166 1.7749 0.0167 1.7496 0.0017 1.7744 0.0017
1 2.3436 -0.0385 2.4722 -0.0360 2.3723 -0.3139 2.5060 -0.2919
10 2.4001 -0.0035 2.4479 -0.0034 2.4079 -0.0717 2.4561 -0.0698
6 2.4317 -0.0656 2.4686 -0.0642 2.4399 -0.1341 2.4771 -0.1312
1 2.1492 0.0109 2.2374 0.0106 2.1626 -0.2240 2.2553 -0.2180
6 2.2206 -0.0496 2.2509 -0.0491 2.2259 -0.1226 2.2567 -0.1213
10 2.1557 -0.0057 2.2174 -0.0056 2.1575 -0.0373 2.2197 -0.0367
3 1.8951 0.3351 1.9857 0.3351 1.8961 0.0675 1.9847 0.0675
9 0.5038 0.0654 1.1817 0.0653 0.5078 -0.1203 1.1776 -0.1202
1 0.3722 0.0277 0.4247 0.0284 0.3766 -0.1173 0.4287 -0.1202
6 0.4057 -0.0063 0.4307 -0.0064 0.4067 -0.0407 0.4316 -0.0411
4 0.1873 0.0455 0.2675 0.0454 0.1873 -0.0494 0.2674 -0.0493
1 -0.1296 0.0229 -0.0954 0.0231 -0.1289 -0.0747 -0.0948 -0.0755
1 -0.0893 0.0296 -0.0530 0.0299 -0.0886 -0.0820 -0.0524 -0.0828
1 -0.0592 0.0130 -0.0173 0.0131 -0.0586 -0.0917 -0.0168 -0.0926
20 -0.7828 0.1845 -0.6768 0.1839 -0.7824 0.0535 -0.6783 0.0533
2 0.6387 -0.2626 0.9700 -0.2605 0.5829 -0.7974 1.0438 -0.7895
3 1.4949 0.2081 1.5402 0.2075 1.4950 -0.1014 1.5403 -0.1011
9 1.9797 0.0765 2.5121 0.0746 1.9785 -0.1499 2.5138 -0.1462