17 -0.4739 0.2199 -0.3620 0.2203 -0.4726 -0.0451 -0.3627 -0.0451
5 -1.0449 0.0894 -0.9979 0.0894 -1.0448 0.0184 -0.9980 0.0184
7 -0.1220 0.4366 -0.0321 0.4368 -0.1193 0.2937 -0.0342 0.2939
7 -0.1384 0.1476 -0.0548 0.1474 -0.1381 -0.0433 -0.0554 -0.0432
9 0.9627 0.2122 1.3872 0.2038 0.9648 -0.0734 1.3820 -0.0705
2 1.3548 0.1279 1.6028 0.1265 1.3552 -0.1603 1.6019 -0.1586
2 -1.7714 0.2584 -0.9951 0.2388 -1.7786 -0.4013 -0.9841 -0.3713
3 0.2787 0.3547 0.4313 0.3525 0.2819 -0.0675 0.4201 -0.0672
2 1.9222 0.1805 2.0916 0.1775 1.9220 -0.2716 2.0897 -0.2674
2 1.8677 0.1627 2.0165 0.1619 1.8681 -0.2135 2.0156 -0.2124
2 0.9717 0.0814 1.0254 0.0814 0.9718 -0.0829 1.0253 -0.0829
2 0.9450 0.0627 0.9892 0.0628 0.9451 -0.0708 0.9892 -0.0709
6 0.1152 0.4035 0.1326 0.4037 0.1159 0.3634 0.1330 0.3636
10 0.1324 0.4251 0.1617 0.4253 0.1326 0.4051 0.1617 0.4052
1 0.1119 0.4222 0.1764 0.4225 0.1145 0.2794 0.1755 0.2796
1 0.1646 0.4132 0.2085 0.4128 0.1644 0.2730 0.2058 0.2727
6 0.2369 0.3908 0.2499 0.3904 0.2358 0.3534 0.2485 0.3530
1 0.2125 0.3980 0.2616 0.3966 0.2099 0.2714 0.2567 0.2705
10 0.0388 0.4252 0.0796 0.4267 0.0395 0.4119 0.0800 0.4134
6 -0.0241 0.3991 -0.0029 0.4004 -0.0214 0.3609 -0.0005 0.3621
10 -0.0211 0.4152 0.0391 0.4186 -0.0123 0.2888 0.0451 0.2911
1 0.0273 0.4233 0.0928 0.4258 0.0343 0.2868 0.0963 0.2884
1 0.3844 0.3882 0.4375 0.3834 0.3724 0.2477 0.4229 0.2448
2 -1.0926 0.2933 -0.8544 0.2707 -1.0861 -0.3817 -0.8424 -0.3519
2 -1.4418 0.2104 -1.2753 0.2119 -1.4435 -0.1071 -1.2748 -0.1079
2 -1.5348 0.1661 -1.3510 0.1701 -1.5375 -0.1248 -1.3514 -0.1279